log_2_5_16_0.1.txt: 0.008175
log_4_3_16_0.1.txt: 0.008197
log_4_5_16_0.1.txt: 0.008260
log_2_3_16_0.1.txt: 0.008267
log_2_5_8_0.1.txt: 0.008267
log_2_3_8_0.1.txt: 0.008289
log_4_5_8_0.1.txt: 0.008308
log_2_5_4_0.1.txt: 0.008385
log_4_3_8_0.1.txt: 0.008387
log_2_3_8_0.1_tanh.txt: 0.008448
log_2_5_8_0.1_tanh.txt: 0.008483
log_2_3_4_0.1.txt: 0.008514
log_4_5_8_0.1_tanh.txt: 0.008514
log_4_5_4_0.1.txt: 0.008561
log_2_5_4_0.1_tanh.txt: 0.008578
log_2_5_2_0.1.txt: 0.008588
log_2_3_2_0.1.txt: 0.008698
log_4_3_4_0.1.txt: 0.008702
log_2_5_16_0.01.txt: 0.008714
log_4_5_2_0.1.txt: 0.008718
log_4_5_16_0.01.txt: 0.009014
log_2_3_8_0.01.txt: 0.009015
log_2_3_16_0.01.txt: 0.009047
log_2_5_2_0.01.txt: 0.009055
log_4_3_16_0.01.txt: 0.009133
log_2_3_4_0.01.txt: 0.009186
log_4_5_8_0.01.txt: 0.009232
log_1_3_4_0.1.txt: 0.009236
log_1_3_8_0.1.txt: 0.009236
log_1_5_8_0.1.txt: 0.009246
log_1_3_2_0.1.txt: 0.009255
log_1_5_2_0.1.txt: 0.009256
log_1_5_4_0.1.txt: 0.009256
log_2_5_4_0.01.txt: 0.009325
log_2_5_8_0.01.txt: 0.009342
log_4_3_8_0.01.txt: 0.009434
log_4_3_2_0.1.txt: 0.009449
log_4_5_4_0.01.txt: 0.009476
log_1_3_4_0.01.txt: 0.009505
log_1_5_8_0.01.txt: 0.009546
log_1_5_4_0.01.txt: 0.009564
log_1_5_2_0.01.txt: 0.009614
log_2_3_2_0.01.txt: 0.009690
log_1_3_8_0.01.txt: 0.009818
log_1_3_2_0.01.txt: 0.009824
log_4_3_4_0.01.txt: 0.010279
log_4_5_2_0.01.txt: 0.010441
log_4_3_2_0.01.txt: 0.010586
log_1_3_2_0.001.txt: 0.011489
log_1_3_8_0.001.txt: 0.011506
log_1_5_2_0.001.txt: 0.011516
log_2_5_8_0.001.txt: 0.011880
log_1_3_4_0.001.txt: 0.011944
log_1_5_8_0.001.txt: 0.011991
log_1_5_4_0.001.txt: 0.012014
log_2_5_8_0.1_bn.txt: 0.012251
log_2_5_8_0.1_bn_before_relu.txt: 0.012328
log_4_5_8_0.1_bn.txt: 0.012366
log_2_5_4_0.1_bn.txt: 0.012373
log_2_3_8_0.1_bn.txt: 0.012450
log_2_3_8_0.001.txt: 0.012501
log_2_5_4_0.001.txt: 0.013752
log_2_3_4_0.001.txt: 0.013810
log_4_5_4_0.001.txt: 0.013865
log_4_5_8_0.001.txt: 0.014228
log_2_5_2_0.001.txt: 0.014522
log_1_3_4_0.0001.txt: 0.014594
log_1_3_2_0.0001.txt: 0.015296
log_1_5_8_0.0001.txt: 0.016036
log_2_3_2_0.001.txt: 0.017750
log_4_3_8_0.001.txt: 0.018699
log_1_3_8_0.0001.txt: 0.018942
log_1_5_2_0.0001.txt: 0.019209
log_2_3_8_0.0001.txt: 0.019693
log_1_5_4_0.0001.txt: 0.020218
log_2_5_8_0.0001.txt: 0.020264
log_2_5_4_0.0001.txt: 0.021074
log_4_3_4_0.001.txt: 0.024059
log_2_3_4_0.0001.txt: 0.025362
log_4_5_8_0.0001.txt: 0.042131
log_2_3_2_0.0001.txt: 0.050668
log_2_5_2_0.0001.txt: 0.056230
log_4_3_2_0.001.txt: 0.104485
log_4_3_4_0.0001.txt: 0.122293
log_4_5_2_0.0001.txt: 0.125240
log_4_3_8_0.0001.txt: 0.126225
log_4_3_2_0.0001.txt: 0.126598
log_4_5_2_0.001.txt: 0.127167
log_4_5_4_0.0001.txt: 0.127291
